100 50 OurOnce 13174541.000000
100 50 OurNotOnce 131082.000000
100 70 OurOnce 13174701.000000
100 70 OurNotOnce 131082.000000
100 90 OurOnce 13174861.000000
100 90 OurNotOnce 131082.000000
200 100 OurOnce 26283541.000000
200 100 OurNotOnce 131082.000000
200 140 OurOnce 26283861.000000
200 140 OurNotOnce 131082.000000
200 180 OurOnce 26284181.000000
200 180 OurNotOnce 131082.000000
300 150 OurOnce 39392541.000000
300 150 OurNotOnce 131082.000000
300 210 OurOnce 39393021.000000
300 210 OurNotOnce 131082.000000
300 270 OurOnce 39393501.000000
300 270 OurNotOnce 131082.000000
400 200 OurOnce 52501541.000000
400 200 OurNotOnce 131082.000000
400 280 OurOnce 52502181.000000
400 280 OurNotOnce 131082.000000
400 360 OurOnce 52502821.000000
400 360 OurNotOnce 131082.000000
500 250 OurOnce 65610541.000000
500 250 OurNotOnce 131082.000000
500 350 OurOnce 65611341.000000
500 350 OurNotOnce 131082.000000
500 450 OurOnce 65612141.000000
500 450 OurNotOnce 131082.000000
600 300 OurOnce 78719541.000000
600 300 OurNotOnce 131082.000000
600 420 OurOnce 78720501.000000
600 420 OurNotOnce 131082.000000
600 540 OurOnce 78721461.000000
600 540 OurNotOnce 131082.000000
700 350 OurOnce 91828541.000000
700 350 OurNotOnce 131082.000000
700 489 OurOnce 91829653.000000
700 489 OurNotOnce 131082.000000
700 630 OurOnce 91830781.000000
700 630 OurNotOnce 131082.000000
800 400 OurOnce 104937541.000000
800 400 OurNotOnce 131082.000000
800 560 OurOnce 104938821.000000
800 560 OurNotOnce 131082.000000
800 720 OurOnce 104940101.000000
800 720 OurNotOnce 131082.000000
900 450 OurOnce 118046541.000000
900 450 OurNotOnce 131082.000000
900 630 OurOnce 118047981.000000
900 630 OurNotOnce 131082.000000
900 810 OurOnce 118049421.000000
900 810 OurNotOnce 131082.000000
1000 500 OurOnce 131155541.000000
1000 500 OurNotOnce 131082.000000
1000 700 OurOnce 131157141.000000
1000 700 OurNotOnce 131082.000000
1000 900 OurOnce 131158741.000000
1000 900 OurNotOnce 131082.000000
100 50 Shamir2 9929916.000000
100 70 Shamir2 9929916.000000
100 90 Shamir2 9929916.000000
200 100 Shamir2 19761516.000000
200 140 Shamir2 19761516.000000
200 180 Shamir2 19761516.000000
300 150 Shamir2 29593116.000000
300 210 Shamir2 29593116.000000
300 270 Shamir2 29593116.000000
400 200 Shamir2 39424716.000000
400 280 Shamir2 39424716.000000
400 360 Shamir2 39424716.000000
500 250 Shamir2 49256316.000000
500 350 Shamir2 49256316.000000
500 450 Shamir2 49256316.000000
600 300 Shamir2 59087916.000000
600 420 Shamir2 59087916.000000
600 540 Shamir2 59087916.000000
700 350 Shamir2 68919516.000000
700 489 Shamir2 68919516.000000
700 630 Shamir2 68919516.000000
800 400 Shamir2 78751116.000000
800 560 Shamir2 78751116.000000
800 720 Shamir2 78751116.000000
900 450 Shamir2 88582716.000000
900 630 Shamir2 88582716.000000
900 810 Shamir2 88582716.000000
1000 500 Shamir2 98414316.000000
1000 700 Shamir2 98414316.000000
1000 900 Shamir2 98414316.000000
10 5 OurOnce 1376441.000000
10 5 OurNotOnce 131082.000000
10 5 Shamir1 20480.000000
10 5 Rep0 8258166
10 7 OurOnce 1376457.000000
10 7 OurNotOnce 131082.000000
10 7 Shamir1 20480.000000
10 7 Rep0 5505444
10 9 OurOnce 1376473.000000
10 9 OurNotOnce 131082.000000
10 9 Shamir1 18432.000000
10 9 Rep0 589869
20 10 OurOnce 2687341.000000
20 10 OurNotOnce 131082.000000
20 10 Shamir1 49152.000000
20 10 Rep0 6054546498
20 14 OurOnce 2687373.000000
20 14 OurNotOnce 131082.000000
20 14 Shamir1 49152.000000
20 14 Rep0 1778258412
20 18 OurOnce 2687405.000000
20 18 OurNotOnce 131082.000000
20 18 Shamir1 49152.000000
20 18 Rep0 11207511
30 15 OurOnce 3998241.000000
30 15 OurNotOnce 131082.000000
30 15 Shamir1 86016.000000
30 15 Rep0 5.083278689e+12
30 21 OurOnce 3998289.000000
30 21 OurNotOnce 131082.000000
30 21 Shamir1 86016.000000
30 21 Rep0 6.563934427e+11
30 27 OurOnce 3998337.000000
30 27 OurNotOnce 131082.000000
30 27 Shamir1 86016.000000
30 27 Rep0 239486814
40 20 OurOnce 5309141.000000
40 20 OurNotOnce 131082.000000
40 20 Shamir1 124928.000000
40 20 Rep0 4.517299673e+15
40 28 OurOnce 5309205.000000
40 28 OurNotOnce 131082.000000
40 28 Shamir1 124928.000000
40 28 Rep0 2.563175748e+14
40 36 OurOnce 5309269.000000
40 36 OurNotOnce 131082.000000
40 36 Shamir1 124928.000000
40 36 Rep0 5390812791
50 25 OurOnce 6620041.000000
50 25 OurNotOnce 131082.000000
50 25 Shamir1 167936.000000
50 25 Rep0 4.142538778e+18
50 35 OurOnce 6620121.000000
50 35 OurNotOnce 131082.000000
50 35 Shamir1 167936.000000
50 35 Rep0 1.032651348e+17
50 45 OurOnce 6620201.000000
50 45 OurNotOnce 131082.000000
50 45 Shamir1 167936.000000
50 45 Rep0 1.249790842e+11
60 30 OurOnce 7930941.000000
60 30 OurNotOnce 131082.000000
60 30 Shamir1 212992.000000
60 30 Rep0 3.87558947e+21
60 42 OurOnce 7931037.000000
60 42 OurNotOnce 131082.000000
60 42 Shamir1 210944.000000
60 42 Rep0 4.243915394e+19
60 54 OurOnce 7931133.000000
60 54 OurNotOnce 131082.000000
60 54 Shamir1 212992.000000
60 54 Rep0 2.953111903e+12
70 35 OurOnce 9241841.000000
70 35 OurNotOnce 131082.000000
70 35 Shamir1 258048.000000
70 35 Rep0 3.676400417e+24
70 49 OurOnce 9241953.000000
70 49 OurNotOnce 131082.000000
70 49 Shamir1 258048.000000
70 49 Rep0 1.768346468e+22
70 63 OurOnce 9242065.000000
70 63 OurNotOnce 131082.000000
70 63 Shamir1 258048.000000
70 63 Rep0 7.071200453e+13
80 40 OurOnce 10552741.000000
80 40 OurNotOnce 131082.000000
80 40 Shamir1 307200.000000
80 40 Rep0 3.523064984e+27
80 56 OurOnce 10552869.000000
80 56 OurNotOnce 131082.000000
80 56 Shamir1 307200.000000
80 56 Rep0 7.443281047e+24
80 72 OurOnce 10552997.000000
80 72 OurNotOnce 131082.000000
80 72 Shamir1 307200.000000
80 72 Rep0 1.709884955e+15
90 45 OurOnce 11863641.000000
90 45 OurNotOnce 131082.000000
90 45 Shamir1 356352.000000
90 45 Rep0 3.402476509e+30
90 62 OurOnce 11863777.000000
90 62 OurNotOnce 131082.000000
90 62 Shamir1 356352.000000
90 62 Rep0 6.991346668e+27
90 81 OurOnce 11863929.000000
90 81 OurNotOnce 131082.000000
90 81 Shamir1 356352.000000
90 81 Rep0 4.165964728e+16
100 50 OurOnce 13174541.000000
100 50 OurNotOnce 131082.000000
100 50 Shamir1 407552.000000
100 50 Rep0 3.306259806e+33
100 70 OurOnce 13174701.000000
100 70 OurNotOnce 131082.000000
100 70 Shamir1 405504.000000
100 70 Rep0 1.347564767e+30
100 90 OurOnce 13174861.000000
100 90 OurNotOnce 131082.000000
100 90 Shamir1 407552.000000
100 90 Rep0 1.021081493e+18
