100 50 OurOnce 0.128206
100 50 OurNotOnce 0.001276
100 70 OurOnce 0.128208
100 70 OurNotOnce 0.001276
100 90 OurOnce 0.128209
100 90 OurNotOnce 0.001276
200 100 OurOnce 0.255775
200 100 OurNotOnce 0.001276
200 140 OurOnce 0.255778
200 140 OurNotOnce 0.001276
200 180 OurOnce 0.255781
200 180 OurNotOnce 0.001276
300 150 OurOnce 0.383343
300 150 OurNotOnce 0.001276
300 210 OurOnce 0.383348
300 210 OurNotOnce 0.001276
300 270 OurOnce 0.383353
300 270 OurNotOnce 0.001276
400 200 OurOnce 0.510912
400 200 OurNotOnce 0.001276
400 280 OurOnce 0.510918
400 280 OurNotOnce 0.001276
400 360 OurOnce 0.510924
400 360 OurNotOnce 0.001276
500 250 OurOnce 0.638480
500 250 OurNotOnce 0.001276
500 350 OurOnce 0.638488
500 350 OurNotOnce 0.001276
500 450 OurOnce 0.638496
500 450 OurNotOnce 0.001276
600 300 OurOnce 0.766049
600 300 OurNotOnce 0.001276
600 420 OurOnce 0.766058
600 420 OurNotOnce 0.001276
600 540 OurOnce 0.766068
600 540 OurNotOnce 0.001276
700 350 OurOnce 0.893618
700 350 OurNotOnce 0.001276
700 489 OurOnce 0.893628
700 489 OurNotOnce 0.001276
700 630 OurOnce 0.893639
700 630 OurNotOnce 0.001276
800 400 OurOnce 1.021186
800 400 OurNotOnce 0.001276
800 560 OurOnce 1.021199
800 560 OurNotOnce 0.001276
800 720 OurOnce 1.021211
800 720 OurNotOnce 0.001276
900 450 OurOnce 1.148755
900 450 OurNotOnce 0.001276
900 630 OurOnce 1.148769
900 630 OurNotOnce 0.001276
900 810 OurOnce 1.148783
900 810 OurNotOnce 0.001276
1000 500 OurOnce 1.276323
1000 500 OurNotOnce 0.001276
1000 700 OurOnce 1.276339
1000 700 OurNotOnce 0.001276
1000 900 OurOnce 1.276354
1000 900 OurNotOnce 0.001276
100 50 Shamir2 0.096632
100 70 Shamir2 0.096632
100 90 Shamir2 0.096632
200 100 Shamir2 0.192307
200 140 Shamir2 0.192307
200 180 Shamir2 0.192307
300 150 Shamir2 0.287982
300 210 Shamir2 0.287982
300 270 Shamir2 0.287982
400 200 Shamir2 0.383657
400 280 Shamir2 0.383657
400 360 Shamir2 0.383657
500 250 Shamir2 0.479331
500 350 Shamir2 0.479331
500 450 Shamir2 0.479331
600 300 Shamir2 0.575006
600 420 Shamir2 0.575006
600 540 Shamir2 0.575006
700 350 Shamir2 0.670681
700 489 Shamir2 0.670681
700 630 Shamir2 0.670681
800 400 Shamir2 0.766356
800 560 Shamir2 0.766356
800 720 Shamir2 0.766356
900 450 Shamir2 0.862031
900 630 Shamir2 0.862031
900 810 Shamir2 0.862031
1000 500 Shamir2 0.957706
1000 700 Shamir2 0.957706
1000 900 Shamir2 0.957706
10 5 OurOnce 0.013395
10 5 OurNotOnce 0.001276
10 5 Shamir1 0.000199
10 5 Rep0 0.0006378037589
10 7 OurOnce 0.013395
10 7 OurNotOnce 0.001276
10 7 Shamir1 0.000199
10 7 Rep0 0.0006378037589
10 9 OurOnce 0.013395
10 9 OurNotOnce 0.001276
10 9 Shamir1 0.000199
10 9 Rep0 0.0006378037589
20 10 OurOnce 0.026152
20 10 OurNotOnce 0.001276
20 10 Shamir1 0.000478
20 10 Rep0 0.0006378037589
20 14 OurOnce 0.026152
20 14 OurNotOnce 0.001276
20 14 Shamir1 0.000478
20 14 Rep0 0.0006378037589
20 18 OurOnce 0.026152
20 18 OurNotOnce 0.001276
20 18 Shamir1 0.000478
20 18 Rep0 0.0006378037589
30 15 OurOnce 0.038908
30 15 OurNotOnce 0.001276
30 15 Shamir1 0.000837
30 15 Rep0 0.0006378037589
30 21 OurOnce 0.038909
30 21 OurNotOnce 0.001276
30 21 Shamir1 0.000837
30 21 Rep0 0.0006378037589
30 27 OurOnce 0.038909
30 27 OurNotOnce 0.001276
30 27 Shamir1 0.000837
30 27 Rep0 0.0006378037589
40 20 OurOnce 0.051665
40 20 OurNotOnce 0.001276
40 20 Shamir1 0.001216
40 20 Rep0 0.0006378037589
40 28 OurOnce 0.051666
40 28 OurNotOnce 0.001276
40 28 Shamir1 0.001216
40 28 Rep0 0.0006378037589
40 36 OurOnce 0.051666
40 36 OurNotOnce 0.001276
40 36 Shamir1 0.001216
40 36 Rep0 0.0006378037589
50 25 OurOnce 0.064422
50 25 OurNotOnce 0.001276
50 25 Shamir1 0.001634
50 25 Rep0 0.0006378037589
50 35 OurOnce 0.064423
50 35 OurNotOnce 0.001276
50 35 Shamir1 0.001634
50 35 Rep0 0.0006378037589
50 45 OurOnce 0.064424
50 45 OurNotOnce 0.001276
50 45 Shamir1 0.001634
50 45 Rep0 0.0006378037589
60 30 OurOnce 0.077179
60 30 OurNotOnce 0.001276
60 30 Shamir1 0.002073
60 30 Rep0 0.0006378037589
60 42 OurOnce 0.077180
60 42 OurNotOnce 0.001276
60 42 Shamir1 0.002053
60 42 Rep0 0.0006378037589
60 54 OurOnce 0.077181
60 54 OurNotOnce 0.001276
60 54 Shamir1 0.002073
60 54 Rep0 0.0006378037589
70 35 OurOnce 0.089936
70 35 OurNotOnce 0.001276
70 35 Shamir1 0.002511
70 35 Rep0 0.0006378037589
70 49 OurOnce 0.089937
70 49 OurNotOnce 0.001276
70 49 Shamir1 0.002511
70 49 Rep0 0.0006378037589
70 63 OurOnce 0.089938
70 63 OurNotOnce 0.001276
70 63 Shamir1 0.002511
70 63 Rep0 0.0006378037589
80 40 OurOnce 0.102693
80 40 OurNotOnce 0.001276
80 40 Shamir1 0.002989
80 40 Rep0 0.0006378037589
80 56 OurOnce 0.102694
80 56 OurNotOnce 0.001276
80 56 Shamir1 0.002989
80 56 Rep0 0.0006378037589
80 72 OurOnce 0.102695
80 72 OurNotOnce 0.001276
80 72 Shamir1 0.002989
80 72 Rep0 0.0006378037589
90 45 OurOnce 0.115449
90 45 OurNotOnce 0.001276
90 45 Shamir1 0.003468
90 45 Rep0 0.0006378037589
90 62 OurOnce 0.115451
90 62 OurNotOnce 0.001276
90 62 Shamir1 0.003468
90 62 Rep0 0.0006378037589
90 81 OurOnce 0.115452
90 81 OurNotOnce 0.001276
90 81 Shamir1 0.003468
90 81 Rep0 0.0006378037589
100 50 Shamir1 0.003966
100 50 Rep0 0.0006378037589
100 70 Shamir1 0.003946
100 70 Rep0 0.0006378037589
100 90 Shamir1 0.003966
100 90 Rep0 0.0006378037589
10 5 OurOnce 0.013395
10 5 OurNotOnce 0.001276
10 5 Shamir1 0.000199
10 5 Rep0 0.08036327362
10 7 OurOnce 0.013395
10 7 OurNotOnce 0.001276
10 7 Shamir1 0.000199
10 7 Rep0 0.05357551575
10 9 OurOnce 0.013395
10 9 OurNotOnce 0.001276
10 9 Shamir1 0.000179
10 9 Rep0 0.00574023383
20 10 OurOnce 0.026152
20 10 OurNotOnce 0.001276
20 10 Shamir1 0.000478
20 10 Rep0 58.91903564
20 14 OurOnce 0.026152
20 14 OurNotOnce 0.001276
20 14 Shamir1 0.000478
20 14 Rep0 17.30489159
20 18 OurOnce 0.026152
20 18 OurNotOnce 0.001276
20 18 Shamir1 0.000478
20 18 Rep0 0.1090644428
30 15 OurOnce 0.038908
30 15 OurNotOnce 0.001276
30 15 Shamir1 0.000837
30 15 Rep0 49467.26866
30 21 OurOnce 0.038909
30 21 OurNotOnce 0.001276
30 21 Shamir1 0.000837
30 21 Rep0 6387.607834
30 27 OurOnce 0.038909
30 27 OurNotOnce 0.001276
30 27 Shamir1 0.000837
30 27 Rep0 2.330534935
40 20 OurOnce 0.051665
40 20 OurNotOnce 0.001276
40 20 Shamir1 0.001216
40 20 Rep0 43959517.12
40 28 OurOnce 0.051666
40 28 OurNotOnce 0.001276
40 28 Shamir1 0.001216
40 28 Rep0 2494321.305
40 36 OurOnce 0.051666
40 36 OurNotOnce 0.001276
40 36 Shamir1 0.001216
40 36 Rep0 52.45999697
50 25 OurOnce 0.064422
50 25 OurNotOnce 0.001276
50 25 Shamir1 0.001634
50 25 Rep0 4.031257998e+10
50 35 OurOnce 0.064423
50 35 OurNotOnce 0.001276
50 35 Shamir1 0.001634
50 35 Rep0 1004911295
50 45 OurOnce 0.064424
50 45 OurNotOnce 0.001276
50 45 Shamir1 0.001634
50 45 Rep0 1216.217783
60 30 OurOnce 0.077179
60 30 OurNotOnce 0.001276
60 30 Shamir1 0.002073
60 30 Rep0 3.771479733e+13
60 42 OurOnce 0.077180
60 42 OurNotOnce 0.001276
60 42 Shamir1 0.002053
60 42 Rep0 4.129911339e+11
60 54 OurOnce 0.077181
60 54 OurNotOnce 0.001276
60 54 Shamir1 0.002073
60 54 Rep0 28737.82628
70 35 OurOnce 0.089936
70 35 OurNotOnce 0.001276
70 35 Shamir1 0.002511
70 35 Rep0 3.577641484e+16
70 49 OurOnce 0.089937
70 49 OurNotOnce 0.001276
70 49 Shamir1 0.002511
70 49 Rep0 1.720843479e+14
70 63 OurOnce 0.089938
70 63 OurNotOnce 0.001276
70 63 Shamir1 0.002511
70 63 Rep0 688124.7202
80 40 OurOnce 0.102693
80 40 OurNotOnce 0.001276
80 40 Shamir1 0.002989
80 40 Rep0 3.428425092e+19
80 56 OurOnce 0.102694
80 56 OurNotOnce 0.001276
80 56 Shamir1 0.002989
80 56 Rep0 7.243332617e+16
80 72 OurOnce 0.102695
80 72 OurNotOnce 0.001276
80 72 Shamir1 0.002989
80 72 Rep0 16639524.14
90 45 OurOnce 0.115449
90 45 OurNotOnce 0.001276
90 45 Shamir1 0.003468
90 45 Rep0 3.311075979e+22
90 62 OurOnce 0.115451
90 62 OurNotOnce 0.001276
90 62 Shamir1 0.003468
90 62 Rep0 6.803538525e+19
90 81 OurOnce 0.115452
90 81 OurNotOnce 0.001276
90 81 Shamir1 0.003468
90 81 Rep0 405405465.7
100 50 OurOnce 0.128206
100 50 OurNotOnce 0.001276
100 50 Shamir1 0.003966
100 50 Rep0 3.21744394e+25
100 70 OurOnce 0.128208
100 70 OurNotOnce 0.001276
100 70 Shamir1 0.003946
100 70 Rep0 1.311365212e+22
100 90 OurOnce 0.128209
100 90 OurNotOnce 0.001276
100 90 Shamir1 0.003966
100 90 Rep0 9936522395
