100 50 OurOnce 0.647051
100 50 OurNotOnce 0.004000
100 70 OurOnce 0.908730
100 70 OurNotOnce 0.004181
100 90 OurOnce 1.107306
100 90 OurNotOnce 0.004637
200 100 OurOnce 2.358720
200 100 OurNotOnce 0.004755
200 140 OurOnce 3.266705
200 140 OurNotOnce 0.005621
200 180 OurOnce 4.208436
200 180 OurNotOnce 0.006526
300 150 OurOnce 5.131093
300 150 OurNotOnce 0.006226
300 210 OurOnce 7.152522
300 210 OurNotOnce 0.007235
300 270 OurOnce 9.221585
300 270 OurNotOnce 0.008650
400 200 OurOnce 9.008216
400 200 OurNotOnce 0.007121
400 280 OurOnce 12.349857
400 280 OurNotOnce 0.008956
400 360 OurOnce 16.015830
400 360 OurNotOnce 0.010863
500 250 OurOnce 13.900808
500 250 OurNotOnce 0.008081
500 350 OurOnce 19.424629
500 350 OurNotOnce 0.010360
500 450 OurOnce 24.859237
500 450 OurNotOnce 0.013137
600 300 OurOnce 19.874265
600 300 OurNotOnce 0.009571
600 420 OurOnce 27.847319
600 420 OurNotOnce 0.012369
600 540 OurOnce 35.587540
600 540 OurNotOnce 0.015127
700 350 OurOnce 26.311612
700 350 OurNotOnce 0.010392
700 489 OurOnce 36.549853
700 489 OurNotOnce 0.013041
700 630 OurOnce 47.028606
700 630 OurNotOnce 0.016922
800 400 OurOnce 34.466160
800 400 OurNotOnce 0.011960
800 560 OurOnce 47.969394
800 560 OurNotOnce 0.015731
800 720 OurOnce 59.910152
800 720 OurNotOnce 0.018640
900 450 OurOnce 42.136296
900 450 OurNotOnce 0.012385
900 630 OurOnce 59.111572
900 630 OurNotOnce 0.016950
900 810 OurOnce 75.883723
900 810 OurNotOnce 0.021417
1000 500 OurOnce 51.531513
1000 500 OurNotOnce 0.013397
1000 700 OurOnce 71.583396
1000 700 OurNotOnce 0.017751
1000 900 OurOnce 92.144802
1000 900 OurNotOnce 0.023533
100 50 Shamir2 0.422686
100 70 Shamir2 0.585236
100 90 Shamir2 0.749205
200 100 Shamir2 1.627349
200 140 Shamir2 2.276787
200 180 Shamir2 2.936157
300 150 Shamir2 3.660118
300 210 Shamir2 5.120108
300 270 Shamir2 6.609148
400 200 Shamir2 6.355573
400 280 Shamir2 9.012387
400 360 Shamir2 11.537710
500 250 Shamir2 10.039950
500 350 Shamir2 13.928360
500 450 Shamir2 18.067098
600 300 Shamir2 14.002238
600 420 Shamir2 19.646302
600 540 Shamir2 25.574363
700 350 Shamir2 18.824442
700 489 Shamir2 26.262706
700 630 Shamir2 34.481798
800 400 Shamir2 25.032436
800 560 Shamir2 35.060590
800 720 Shamir2 45.081921
900 450 Shamir2 31.740681
900 630 Shamir2 44.575560
900 810 Shamir2 57.925074
1000 500 Shamir2 39.653637
1000 700 Shamir2 55.475555
1000 900 Shamir2 71.253636
10 5 OurOnce 0.017080
10 5 OurNotOnce 0.002557
10 5 Shamir1 0.034845
10 5 Rep0 0.09814859362
10 7 OurOnce 0.018090
10 7 OurNotOnce 0.002448
10 7 Shamir1 0.056605
10 7 Rep0 0.07312483575
10 9 OurOnce 0.019431
10 9 OurNotOnce 0.002680
10 9 Shamir1 0.087645
10 9 Rep0 0.00713445083
20 10 OurOnce 0.037843
20 10 OurNotOnce 0.002620
20 10 Shamir1 0.125834
20 10 Rep0 78.77788702
20 14 OurOnce 0.044153
20 14 OurNotOnce 0.002600
20 14 Shamir1 0.231900
20 14 Rep0 21.1779497
20 18 OurOnce 0.052045
20 18 OurNotOnce 0.002767
20 18 Shamir1 0.386014
20 18 Rep0 0.1469337038
30 15 OurOnce 0.066832
30 15 OurNotOnce 0.002662
30 15 Shamir1 0.320751
30 15 Rep0 60353.36774
30 21 OurOnce 0.084382
30 21 OurNotOnce 0.002785
30 21 Shamir1 0.612507
30 21 Rep0 7866.072947
30 27 OurOnce 0.102923
30 27 OurNotOnce 0.003024
30 27 Shamir1 1.004697
30 27 Rep0 3.077399746
40 20 OurOnce 0.107145
40 20 OurNotOnce 0.002697
40 20 Shamir1 0.694976
40 20 Rep0 54633344.72
40 28 OurOnce 0.137349
40 28 OurNotOnce 0.002983
40 28 Shamir1 1.424150
40 28 Rep0 3023345.704
40 36 OurOnce 0.172858
40 36 OurNotOnce 0.003325
40 36 Shamir1 2.252396
40 36 Rep0 66.05542926
50 25 OurOnce 0.157438
50 25 OurNotOnce 0.002892
50 25 Shamir1 1.321484
50 25 Rep0 4.962188975e+10
50 35 OurOnce 0.208432
50 35 OurNotOnce 0.003274
50 35 Shamir1 2.297528
50 35 Rep0 1264835040
50 45 OurOnce 0.264495
50 45 OurNotOnce 0.003362
50 45 Shamir1 4.920760
50 45 Rep0 1526.038761
60 30 OurOnce 0.218856
60 30 OurNotOnce 0.003023
60 30 Shamir1 2.157423
60 30 Rep0 4.610256018e+13
60 42 OurOnce 0.344875
60 42 OurNotOnce 0.003260
60 42 Shamir1 5.274459
60 42 Rep0 5.127374712e+11
60 54 OurOnce 0.384316
60 54 OurNotOnce 0.003629
60 54 Shamir1 7.468059
60 54 Rep0 36004.95316
70 35 OurOnce 0.292506
70 35 OurNotOnce 0.003138
70 35 Shamir1 3.707855
70 35 Rep0 4.383340271e+16
70 49 OurOnce 0.392476
70 49 OurNotOnce 0.003609
70 49 Shamir1 7.192953
70 49 Rep0 2.098484939e+14
70 63 OurOnce 0.503873
70 63 OurNotOnce 0.003797
70 63 Shamir1 11.195003
70 63 Rep0 864869.6674
80 40 OurOnce 0.373100
80 40 OurNotOnce 0.003256
80 40 Shamir1 5.704021
80 40 Rep0 4.164481587e+19
80 56 OurOnce 0.513968
80 56 OurNotOnce 0.003765
80 56 Shamir1 9.943130
80 56 Rep0 8.890977791e+16
80 72 OurOnce 0.653075
80 72 OurNotOnce 0.004038
80 72 Shamir1 17.129389
80 72 Rep0 20967682.3
90 45 OurOnce 0.468635
90 45 OurNotOnce 0.003565
90 45 Shamir1 7.890742
90 45 Rep0 4.069604359e+22
90 62 OurOnce 0.622419
90 62 OurNotOnce 0.003868
90 62 Shamir1 14.100448
90 62 Rep0 9.090215011e+19
90 81 OurOnce 0.800026
90 81 OurNotOnce 0.004110
90 81 Shamir1 24.456674
90 81 Rep0 503263463
100 50 OurOnce 0.568079
100 50 OurNotOnce 0.003429
100 50 Shamir1 11.272488
100 50 Rep0 4.288983412e+25
100 70 OurOnce 0.788948
100 70 OurNotOnce 0.003959
100 70 Shamir1 20.843198
100 70 Rep0 1.609131334e+22
100 90 OurOnce 1.011798
100 90 OurNotOnce 0.004589
100 90 Shamir1 33.776680
100 90 Rep0 1.267287962e+10
