100 50 OurOnce 0.518844
100 50 OurNotOnce 0.002724
100 70 OurOnce 0.780522
100 70 OurNotOnce 0.002906
100 90 OurOnce 0.979096
100 90 OurNotOnce 0.003361
200 100 OurOnce 2.102945
200 100 OurNotOnce 0.003479
200 140 OurOnce 3.010927
200 140 OurNotOnce 0.004346
200 180 OurOnce 3.952654
200 180 OurNotOnce 0.005251
300 150 OurOnce 4.747750
300 150 OurNotOnce 0.004951
300 210 OurOnce 6.769174
300 210 OurNotOnce 0.005959
300 270 OurOnce 8.838232
300 270 OurNotOnce 0.007375
400 200 OurOnce 8.497304
400 200 OurNotOnce 0.005845
400 280 OurOnce 11.838939
400 280 OurNotOnce 0.007681
400 360 OurOnce 15.504906
400 360 OurNotOnce 0.009587
500 250 OurOnce 13.262327
500 250 OurNotOnce 0.006805
500 350 OurOnce 18.786141
500 350 OurNotOnce 0.009084
500 450 OurOnce 24.220741
500 450 OurNotOnce 0.011861
600 300 OurOnce 19.108216
600 300 OurNotOnce 0.008295
600 420 OurOnce 27.081260
600 420 OurNotOnce 0.011093
600 540 OurOnce 34.821473
600 540 OurNotOnce 0.013851
700 350 OurOnce 25.417995
700 350 OurNotOnce 0.009117
700 489 OurOnce 35.656225
700 489 OurNotOnce 0.011765
700 630 OurOnce 46.134967
700 630 OurNotOnce 0.015647
800 400 OurOnce 33.444974
800 400 OurNotOnce 0.010685
800 560 OurOnce 46.948196
800 560 OurNotOnce 0.014456
800 720 OurOnce 58.888941
800 720 OurNotOnce 0.017365
900 450 OurOnce 40.987541
900 450 OurNotOnce 0.011109
900 630 OurOnce 57.962803
900 630 OurNotOnce 0.015674
900 810 OurOnce 74.734941
900 810 OurNotOnce 0.020141
1000 500 OurOnce 50.255190
1000 500 OurNotOnce 0.012121
1000 700 OurOnce 70.307058
1000 700 OurNotOnce 0.016475
1000 900 OurOnce 90.868448
1000 900 OurNotOnce 0.022258
100 50 Shamir2 0.326054
100 70 Shamir2 0.488604
100 90 Shamir2 0.652574
200 100 Shamir2 1.435043
200 140 Shamir2 2.084480
200 180 Shamir2 2.743850
300 150 Shamir2 3.372136
300 210 Shamir2 4.832126
300 270 Shamir2 6.321166
400 200 Shamir2 5.971917
400 280 Shamir2 8.628730
400 360 Shamir2 11.154053
500 250 Shamir2 9.560619
500 350 Shamir2 13.449028
500 450 Shamir2 17.587767
600 300 Shamir2 13.427231
600 420 Shamir2 19.071296
600 540 Shamir2 24.999356
700 350 Shamir2 18.153761
700 489 Shamir2 25.592024
700 630 Shamir2 33.811116
800 400 Shamir2 24.266080
800 560 Shamir2 34.294234
800 720 Shamir2 44.315565
900 450 Shamir2 30.878649
900 630 Shamir2 43.713529
900 810 Shamir2 57.063043
1000 500 Shamir2 38.695931
1000 700 Shamir2 54.517849
1000 900 Shamir2 70.295930
10 5 OurOnce 0.003685
10 5 OurNotOnce 0.001282
10 5 Shamir1 0.034646
10 5 Rep0 0.01778532
10 7 OurOnce 0.004696
10 7 OurNotOnce 0.001173
10 7 Shamir1 0.056406
10 7 Rep0 0.01954932
10 9 OurOnce 0.006036
10 9 OurNotOnce 0.001404
10 9 Shamir1 0.087466
10 9 Rep0 0.001394217
20 10 OurOnce 0.011691
20 10 OurNotOnce 0.001344
20 10 Shamir1 0.125356
20 10 Rep0 19.85885138
20 14 OurOnce 0.018001
20 14 OurNotOnce 0.001324
20 14 Shamir1 0.231422
20 14 Rep0 3.873058116
20 18 OurOnce 0.025893
20 18 OurNotOnce 0.001491
20 18 Shamir1 0.385536
20 18 Rep0 0.037869261
30 15 OurOnce 0.027924
30 15 OurNotOnce 0.001387
30 15 Shamir1 0.319914
30 15 Rep0 10886.09908
30 21 OurOnce 0.045473
30 21 OurNotOnce 0.001509
30 21 Shamir1 0.611670
30 21 Rep0 1478.465113
30 27 OurOnce 0.064013
30 27 OurNotOnce 0.001748
30 27 Shamir1 1.003860
30 27 Rep0 0.746864811
40 20 OurOnce 0.055479
40 20 OurNotOnce 0.001421
40 20 Shamir1 0.693760
40 20 Rep0 10673827.6
40 28 OurOnce 0.085683
40 28 OurNotOnce 0.001708
40 28 Shamir1 1.422934
40 28 Rep0 529024.3991
40 36 OurOnce 0.121192
40 36 OurNotOnce 0.002049
40 36 Shamir1 2.251180
40 36 Rep0 13.59543229
50 25 OurOnce 0.093016
50 25 OurNotOnce 0.001616
50 25 Shamir1 1.319850
50 25 Rep0 9309309771
50 35 OurOnce 0.144010
50 35 OurNotOnce 0.001999
50 35 Shamir1 2.295894
50 35 Rep0 259923745.5
50 45 OurOnce 0.200071
50 45 OurNotOnce 0.002087
50 45 Shamir1 4.919126
50 45 Rep0 309.8209779
60 30 OurOnce 0.141678
60 30 OurNotOnce 0.001747
60 30 Shamir1 2.155350
60 30 Rep0 8.387762848e+12
60 42 OurOnce 0.267695
60 42 OurNotOnce 0.001985
60 42 Shamir1 5.272406
60 42 Rep0 9.97463373e+10
60 54 OurOnce 0.307135
60 54 OurNotOnce 0.002353
60 54 Shamir1 7.465986
60 54 Rep0 7267.126878
70 35 OurOnce 0.202570
70 35 OurNotOnce 0.001862
70 35 Shamir1 3.705344
70 35 Rep0 8.056987868e+15
70 49 OurOnce 0.302540
70 49 OurNotOnce 0.002333
70 49 Shamir1 7.190442
70 49 Rep0 3.776414601e+13
70 63 OurOnce 0.413935
70 63 OurNotOnce 0.002522
70 63 Shamir1 11.192492
70 63 Rep0 176744.9472
80 40 OurOnce 0.270408
80 40 OurNotOnce 0.001980
80 40 Shamir1 5.701032
80 40 Rep0 7.360564954e+18
80 56 OurOnce 0.411275
80 56 OurNotOnce 0.002490
80 56 Shamir1 9.940140
80 56 Rep0 1.647645174e+16
80 72 OurOnce 0.550380
80 72 OurNotOnce 0.002763
80 72 Shamir1 17.126400
80 72 Rep0 4328158.159
90 45 OurOnce 0.353186
90 45 OurNotOnce 0.002289
90 45 Shamir1 7.887274
90 45 Rep0 7.585283803e+21
90 62 OurOnce 0.506968
90 62 OurNotOnce 0.002593
90 62 Shamir1 14.096980
90 62 Rep0 2.286676486e+19
90 81 OurOnce 0.684574
90 81 OurNotOnce 0.002834
90 81 Shamir1 24.453206
90 81 Rep0 97857997.24
100 50 OurOnce 0.439873
100 50 OurNotOnce 0.002153
100 50 Shamir1 11.268522
100 50 Rep0 1.071539473e+25
100 70 OurOnce 0.660740
100 70 OurNotOnce 0.002683
100 70 Shamir1 20.839252
100 70 Rep0 2.977661218e+21
100 90 OurOnce 0.883589
100 90 OurNotOnce 0.003313
100 90 Shamir1 33.772714
100 90 Rep0 2736357224
